WindowSize: [1386, 765]
WindowPos: [218, 154]
SnapValues: [0.100000001, 5, 0.100000001]
SnapValues: [0.100000001, 5, 0.100000001]
GuizmoType: 0
VSync: true
InvertColors: false