WindowSize: [1455, 793]
WindowPos: [199, 113]
SnapValues: [0.100000001, 5, 0.100000001]
SnapValues: [0.100000001, 5, 0.100000001]
GuizmoType: 0
VSync: true
InvertColors: false