Scene: Untitled
EditorCamera:
  ProjectionMode: 0
  PerspectiveVerticalFOV: 0.785398185
  PerspectiveNearClip: 0.00999999978
  PerspectiveFarClip: 10000
  OrthographicSize: 10
  OrthographicNearClip: -100
  OrthographicFarClip: 100
  MoveSpeed: 5.25
  RotationSpeed: 0.0320000015
  Translation: [7.63947868, 5.01411963, 9.75990295]
  Rotation: [-0.588103831, 0.822116673, 0]
Entities:
  - EntityID: 0
    EntitySceneParams:
      Name: Barrel
      Owner: -1
    TransformComponent:
      WorldTranslation: [2.32201552, -0.576513886, 4.30789995]
      WorldRotation: [-1.57079637, 0, 0]
      WorldScale: [1, 0.99997592, 0.99997592]
    StaticMeshComponent:
      Path: assets\meshes\Barrel Explosive\barrel.FBX
      RelativeTranslation: [0, 0, 0]
      RelativeRotation: [0, 0, 0]
      RelativeScale: [1, 1, 1]
      Material:
        DiffuseTexture: assets\meshes\Barrel Explosive\textures\Barrel_Ex_diff.tga
        SpecularTexture: Black
        TilingFactor: 1
        Shininess: 32
  - EntityID: 1
    EntitySceneParams:
      Name: Sun
      Owner: -1
    TransformComponent:
      WorldTranslation: [0, 0.444284081, 2.86528325]
      WorldRotation: [-0.39615792, 0.732780933, 6.01405432e-08]
      WorldScale: [0.999997258, 0.999998629, 0.99999851]
    DirectionalLightComponent:
      RelativeTranslation: [0, 0, 0]
      RelativeRotation: [0, 0, 0]
      RelativeScale: [1, 1, 1]
      LightColor: [0.988235295, 0.866666675, 0.768627465, 1]
      Ambient: [0.200000003, 0.200000003, 0.200000003]
      Specular: [0.5, 0.5, 0.5]
  - EntityID: 2
    EntitySceneParams:
      Name: Floor
      Owner: -1
    TransformComponent:
      WorldTranslation: [0, -0.580550253, 2.44487119]
      WorldRotation: [1.57079637, -0, 0]
      WorldScale: [100, 100, 0.999999881]
    SpriteComponent:
      RelativeTranslation: [0, 0, 0]
      RelativeRotation: [0, 0, 0]
      RelativeScale: [1, 0.999993503, 1]
      Material:
        DiffuseTexture: assets\textures\floor_tiles_diff_2k.png
        SpecularTexture: Black
        TilingFactor: 30.0289993
        Shininess: 32